"Position","Company","Location","Salary","Timestamp"
Senior Python Engineer,OZOBOT s.r.o.,Praha – Bubeneč,"90 000Kč","2022-02-10 15:15:58.000000"
SW Engineer C++ & Python,Advantech Czech s.r.o.,Brno – Černá Pole,Not specified,"2022-02-10 13:45:18.000000"
Data Scientist / Python Developer for Visualizations,Deutsche Telekom Services Europe Czech Republic s.r.o.,Brno – Štýřice,Not specified,"2022-02-09 16:05:45.000000"
VÝVOJÁŘ PYTHON a DEVOPS SPECIALISTA 4000 – 8000/MANDAY,Livio consulting s.r.o.,Pardubice,"80 000–160 000Kč","2022-02-07 11:50:34.000000"
Python vývojář,"ENGINN EFFECT, s.r.o.",Praha – Nové Město,Not specified,"2022-02-11 13:05:32.000000"
Software engineer - Kotlin + Python,Vendavo CZ s.r.o.,Hradec Králové + 2 další lokality,Not specified,"2022-02-07 17:55:47.000000"
Python Developer (f/m/d),"Porsche Engineering Services, s.r.o.",Praha – Jinonice,Not specified,"2022-02-04 14:39:10.000000"
"Python Developer / Team Lead - RPA, OCR, BankID","StringData, s.r.o.",Praha – Krč,Not specified,"2022-02-03 09:08:21.000000"
Python vývojář pro Analytics tým,Deloitte,Praha – Vinohrady,Not specified,"2022-02-02 10:23:24.000000"
Senior Python Dev - fintech starup,mallpay,Praha – Holešovice,Not specified,"2022-01-26 15:00:29.000000"
Full stack/Python Developer,"KPMG Česká republika, s.r.o.",Praha – Karlín,Not specified,"2022-02-11 10:06:53.000000"
Sr. Python Developer / Sr. Machine Learning Engineer,Deutsche Telekom Services Europe Czech Republic s.r.o.,Brno – Štýřice,Not specified,"2022-02-10 08:34:14.000000"
Python Developer - Recombee,"Recombee, s.r.o.",Praha – Nové Město,"70 000–120 000Kč","2022-02-08 16:22:25.000000"
Automation Tester (Python),AKKA Czech Republic s.r.o.,Mladá Boleslav – Mladá Boleslav I,Not specified,"2022-02-08 09:02:45.000000"
Junior Python developer AI cloud platforma - Praha/Ostrava,OptiSolutions s.r.o.,Ostrava – Poruba + 1 další lokalita,"50 000–70 000Kč","2022-02-07 20:20:26.000000"
Python developer Olomouc,"3Pillar Global Czechia",Olomouc – Holice,Not specified,"2022-02-04 17:38:32.000000"
Part Time Data Analyst - Python,"IDC Central Europe, the Middle East & Africa",Ostrava – Pustkovec,Not specified,"2022-02-04 14:51:17.000000"
Python developer (senior),teamIT s.r.o.,Praha,"120 000–140 000Kč","2022-02-03 14:46:09.000000"
Python Developer,Randstad HR Solutions s.r.o.,Brno,Not specified,"2022-02-03 11:59:58.000000"
Python developer (zpracování obrazu) (7658),"ITjobs, s.r.o.",Brno,Not specified,"2022-01-21 16:28:57.000000"
SENIOR PYTHON SOFTWARE ENGINEER,teamIT s.r.o.,Praha – Chodov,"100 000–140 000Kč","2022-01-19 23:48:02.000000"
Python Developer - Senior,"3Pillar Global Czechia",Ostrava – Poruba,Not specified,"2022-02-11 10:26:53.000000"
Backend Python Developer v Brně,MapTiler AG,Brno – Černá Pole,"50 000–100 000Kč","2022-02-10 11:49:17.000000"
Network Application Developer - Javascript / Python - Senior,AT&T Global Network Services,Brno – Starý Lískovec,"70 000–130 000Kč","2022-02-09 13:32:03.000000"
Network Application Developer - Javascript / Python - Junior,AT&T Global Network Services,Brno – Starý Lískovec,"41 000–55 000Kč","2022-02-09 13:29:09.000000"
Python Data Engineer (oblast zpracování obrazu) (7669),"ITjobs, s.r.o.",Brno,Not specified,"2022-02-09 10:50:11.000000"
Python Developer (framework Django),PŘEDVÝBĚR.CZ s.r.o.,Praha – Smíchov,"80 000–150 000Kč","2022-02-08 15:28:03.000000"
Python Developer,"3Pillar Global Czechia",Brno – Komárov,Not specified,"2022-02-08 12:44:11.000000"
Python Test Developer/ka pro Cyber Security řešení,"Siemens Mobility, s.r.o.",Praha – Stodůlky,Not specified,"2022-02-07 09:51:45.000000"
"Brigádník (student) vývojář (C#, Python, Ruby)",BTL Medical Technologies s.r.o.,Praha – Vokovice,Not specified,"2022-02-03 09:11:09.000000"
AI Tech Lead,Digiteq Automotive s.r.o.,Praha – Braník + 1 další lokalita,Not specified,"2022-01-18 13:04:45.000000"
C++ ENGINEER,VALEO PRAHA,Praha – Strašnice,Not specified,"2022-01-13 17:57:45.000000"
Go developer (možnost zaškolení!) (7379),"ITjobs, s.r.o.",Brno,Not specified,"2022-02-11 15:42:03.000000"
Big Data Junior,"ADASTRA, s.r.o.",Praha – Karlín,Not specified,"2022-02-10 21:23:12.000000"
Backend developer,SledovaniTV.cz,Brno – Královo Pole,Not specified,"2022-02-10 14:42:53.000000"
Automation Test Engineer/ Tester - ve skvělém týmu!,People Consulting s.r.o.,Praha – Stodůlky,"40 000–80 000Kč","2022-02-10 11:51:54.000000"
Staň se profesionálním testerem s využitím Pythonu!,"Jobs Contact Consulting, s.r.o.",Praha – Holešovice,"50 000–55 000Kč","2022-02-10 11:13:04.000000"
Manager digitalizace / SW architekt,"BRANO GROUP, a.s.",Hradec nad Moravicí,Not specified,"2022-02-10 08:20:17.000000"
PHP programátor,Internet-Handel s.r.o.,Praha – Modřany,"40 000–80 000Kč","2022-02-09 20:32:18.000000"
Analytik pro hi-tech hlasové asistenty,"Agnostix, s.r.o.",Praha – Nové Město,"80 000–138 000Kč","2022-02-09 17:36:43.000000"
Back-End Developer,PRO-ZETA a.s.,Praha – Malešice,Not specified,"2022-02-09 16:12:03.000000"
SW Engineer (machine learning/image processing) (7667),"ITjobs, s.r.o.",Brno,Not specified,"2022-02-09 10:23:17.000000"
Big Data Engineer,"Profinit EU, s.r.o.",Praha,Not specified,"2022-02-09 09:24:09.000000"
Senior GO Developer - celá ČR,MallGroup,Praha – Holešovice,Not specified,"2022-02-09 09:18:45.000000"
Specialista automatizace a digitalizace,Siemens s.r.o.,Frenštát pod Radhoštěm,Not specified,"2022-02-08 10:09:54.000000"
DATA ANALYST,"Omnicom Media Group, s.r.o.",Praha,Not specified,"2022-02-07 11:03:38.000000"
C++ vývojář - ERP systém  -  webové a mobilní aplikace,"Solitea, a.s.",Brno – Lesná + 1 další lokalita,Not specified,"2022-02-07 10:32:43.000000"
XiL Simulation and Modeling - Internship (f/m/d) (DPC),"Porsche Engineering Services, s.r.o.",Praha – Jinonice,Not specified,"2022-02-07 07:57:14.000000"
Telco Technický Konzultant/Developer,CGI CS&EE,Brno – Štýřice,Not specified,"2022-02-04 08:34:14.000000"
Data Engineer pro Emerging Technologies tým,CGI CS&EE,Ostrava – Pustkovec,Not specified,"2022-02-04 08:33:22.000000"
Data Engineer pro Emerging Technologies tým,CGI CS&EE,Praha – Stodůlky,Not specified,"2022-02-04 08:33:13.000000"
Big Data Engineer Junior,"Komerční banka, a.s.",Praha – Stodůlky,Not specified,"2022-02-03 12:17:30.000000"
Software Tester Integrator (f/m/d),"Porsche Engineering Services, s.r.o.",Ostrava – Pustkovec,Not specified,"2022-02-03 07:32:29.000000"
Big Data Engineer / Architect,"Komerční banka, a.s.",Praha – Stodůlky,Not specified,"2022-02-02 20:36:04.000000"
Datová analýza v energetice – Consultant,"KPMG Česká republika, s.r.o.",Praha – Karlín,Not specified,"2022-02-02 16:28:04.000000"
Development Engineer MDR+,"COMMERZBANK Aktiengesellschaft, pobočka Praha",Praha – Nové Město,Not specified,"2022-02-02 11:19:19.000000"
INFRASTRUCTURE EXPERT,teamIT s.r.o.,Praha – Chodov,"80 000–160 000Kč","2022-01-31 16:20:30.000000"
Innovation/Development Engineer – Autonomous Driving (f/m/d),"Porsche Engineering Services, s.r.o.",Praha – Jinonice,Not specified,"2022-01-31 10:21:00.000000"
Software Developer and Data Analyst (f/m/d),"Porsche Engineering Services, s.r.o.",Praha – Jinonice,Not specified,"2022-01-31 10:20:17.000000"
Automation Engineer for Connectivity Services (f/m/d),"Porsche Engineering Services, s.r.o.",Ostrava – Pustkovec + 1 další lokalita,Not specified,"2022-01-27 09:10:24.000000"
Developer for Financial markets,"KBC Group, Shared Service Center CZ",Brno,Not specified,"2022-02-10 11:39:23.000000"
Data Analyst Junior - Web,Notino,Brno – Štýřice,Not specified,"2022-02-10 11:21:05.000000"
Malware Researcher,ESET Research Czech Republic s.r.o.,Praha – Holešovice,Not specified,"2022-02-10 11:03:26.000000"
iOS developer,Natek,Praha,Not specified,"2022-02-10 09:54:46.000000"
Android Developer,Natek,Praha,Not specified,"2022-02-10 09:48:55.000000"
C/C++ Senior Developer,nangu.TV,Praha – Karlín,Not specified,"2022-02-10 09:27:06.000000"
C++ SW Engineer - 3 dny homeoffice týdně,BARTON Consulting s.r.o.,Praha – Nové Město,"65 000–120 000Kč","2022-02-10 08:46:51.000000"
C++ Developer,Chaos Czech a.s.,Praha – Nové Město,"60 000–100 000Kč","2022-02-09 17:41:37.000000"
C++ vývojář,Chaos Czech a.s.,Praha – Nové Město,"60 000–100 000Kč","2022-02-09 17:40:52.000000"
Data Analyst,"Operátor ICT, a. s.",Praha – Holešovice,Not specified,"2022-02-09 16:38:22.000000"
Embedded Software Developer (m/ž),Rieter CZ s.r.o.,Ústí nad Orlicí,Not specified,"2022-02-09 15:47:52.000000"
JAVA Developer (Mid and Senior Levels),Altersis s.r.o.,Praha,Not specified,"2022-02-09 15:37:06.000000"
Agile Test Engineer / Remote QA Tester,ESET Research Czech Republic s.r.o.,Brno – Starý Lískovec,Not specified,"2022-02-09 15:15:10.000000"
Advanced Analytics Analyst,Medtronic Czechia s.r.o.,Praha – Prosek,Not specified,"2022-02-09 14:36:59.000000"
Junior Data Scientist,"ADASTRA, s.r.o.",Praha,Not specified,"2022-02-09 13:36:38.000000"
Výzkumník strojového učení pro cílení a personalizaci,"Seznam.cz, a.s.",Brno,Not specified,"2022-02-09 12:15:03.000000"
Java Developer (Mid-Senior) for ACDC,"Actum X, s.r.o.",Praha – Holešovice,"80 000–140 000Kč","2022-02-09 11:04:43.000000"
Data Engineer,Integromat s.r.o.,Praha – Libeň,Not specified,"2022-02-09 08:47:29.000000"
Výzkumník strojového učení pro doporučovací systémy,"Seznam.cz, a.s.",Praha,Not specified,"2022-02-08 12:27:07.000000"
Data Scientist (f/m/d),Deutsche Börse Group,Praha – Karlín,Not specified,"2022-02-08 12:01:05.000000"
Risk model developer,"PricewaterhouseCoopers Česká republika, s.r.o.",Praha – Nusle,Not specified,"2022-02-08 09:59:22.000000"
Aplikační Inženýr,Siemens s.r.o.,Plzeň – Východní Předměstí,Not specified,"2022-02-08 08:43:34.000000"
Junior Inženýr - Průmyslová Automatizace,Siemens s.r.o.,Plzeň – Východní Předměstí,Not specified,"2022-02-08 08:42:52.000000"
Junior Data Scientist,"DataSentics, a.s.",Praha – Nové Město,"40 000–60 000Kč","2022-02-08 06:40:56.000000"
Senior Model Risk Analyst,"Česká spořitelna, a.s.",Praha – Michle,Not specified,"2022-02-07 14:33:53.000000"
Machine Learning Operations Engineer (f/m/d),Deutsche Börse Group,Praha – Karlín,Not specified,"2022-02-07 14:32:38.000000"
Analytik modelů kreditního rizika - Junior,"Česká spořitelna, a.s.",Praha – Michle,Not specified,"2022-02-07 11:49:53.000000"
SW Test Engineer,esc Aerospace s.r.o.,Praha – Bubeneč,Not specified,"2022-02-07 11:36:58.000000"
AI Software Engineer,Digiteq Automotive s.r.o.,Praha – Braník + 1 další lokalita,Not specified,"2022-02-07 11:35:08.000000"
Analytik/Konzultant - 100% HOME OFFICE,teamIT s.r.o.,Praha – Krč,"110 000–150 000Kč","2022-02-07 11:30:12.000000"
QA Engineer,Flowmon Networks a.s.,Brno – Trnitá,Not specified,"2022-02-07 09:44:32.000000"
DATA ANALYST,COFIDIS s.r.o.,Praha – Stodůlky,Not specified,"2022-02-07 09:06:53.000000"
Datový analytik automatizované péče,"Seznam.cz, a.s.",Praha – Smíchov,Not specified,"2022-02-07 08:37:45.000000"
Data Engineer/Analytik,"Seznam.cz, a.s.",Praha – Smíchov,Not specified,"2022-02-04 14:50:41.000000"
MANUÁLNÍ TESTER/KA | Automotive,CertiCon a.s.,Praha – Dejvice,Not specified,"2022-02-04 14:10:41.000000"
AZURE DEVOPS ENGINEER | Automotive,CertiCon a.s.,Pardubice – Zelené Předměstí,Not specified,"2022-02-04 14:10:14.000000"
C++ VÝVOJÁŘ/KA | Zdravotnictví,CertiCon a.s.,Praha – Dejvice,Not specified,"2022-02-04 14:01:39.000000"
MANUÁLNÍ TESTER/KA | Automotive,CertiCon a.s.,Pardubice – Zelené Předměstí,Not specified,"2022-02-04 13:59:52.000000"
IT Operations,Nano Energies a.s.,Praha – Nové Město,"60 000–100 000Kč","2022-02-04 13:53:53.000000"
DevOps engineer,Generali Česká pojišťovna,Praha – Chodov,Not specified,"2022-02-04 12:46:34.000000"
C#/.Net developer - remote spolupráce možná,teamIT s.r.o.,Brno + 1 další lokalita,"110 000–150 000Kč","2022-02-04 09:06:15.000000"
Senior Data Scientist for Dataclair AI Centre (m/f),O2 Czech Republic a.s.,Praha – Michle,Not specified,"2022-02-03 09:37:16.000000"
SW Developer in Test,"Siemens Mobility, s.r.o.",Praha – Stodůlky,Not specified,"2022-02-02 11:07:48.000000"
Junior Forensic Technical Consultant,Deloitte,Praha – Vinohrady,Not specified,"2022-02-02 10:25:16.000000"
Data Scientist,"KPMG Česká republika, s.r.o.",Praha – Karlín,Not specified,"2022-02-02 09:16:30.000000"
SW Test Engineer - automotive doména,CertiCon a.s.,Olomouc – Hodolany,Not specified,"2022-02-01 12:48:21.000000"
Data Scientist / ML Engineer  (Senior/Medior),"Profinit EU, s.r.o.",okres Hlavní město Praha,Not specified,"2022-02-01 09:40:49.000000"
Java Developer – Counterparty Risk Management,"COMMERZBANK Aktiengesellschaft, pobočka Praha",Praha – Nové Město,Not specified,"2022-01-31 14:38:33.000000"
Infrastructure Engineer,"Seznam.cz, a.s.",Plzeň – Jižní Předměstí,Not specified,"2022-01-31 13:10:43.000000"
Cloud Developer,"Seznam.cz, a.s.",Plzeň – Jižní Předměstí,Not specified,"2022-01-31 12:53:59.000000"
DevOps junior/senior - až 4 dny home office týdně,BARTON Consulting s.r.o.,Praha,"55 000–110 000Kč","2022-01-28 15:26:23.000000"
"Data Scientist (Biomanufacturing), HPP 70-90 000,-Kč","Axial Personnel Agency, s.r.o.",Praha,"70 000–90 000Kč","2022-01-26 14:17:02.000000"
Junior analytik/čka modelů kreditního rizika,MONETA Money,Praha – Michle,Not specified,"2022-01-25 09:39:17.000000"
"BI, Datová analytika, Automatizace - Associate Consultant","KPMG Česká republika, s.r.o.",Praha – Karlín,Not specified,"2022-01-24 10:16:23.000000"
Software Engineering Manager,"Siemens Mobility, s.r.o.",Praha – Stodůlky,Not specified,"2022-01-24 07:47:31.000000"
"Datová analytika, AI a automatizace –⁠ Associate Consultant","KPMG Česká republika, s.r.o.",Brno – Žabovřesky,Not specified,"2022-01-23 13:11:20.000000"
Výzkumník v oblasti Machine Learning,"Seznam.cz, a.s.",Praha,Not specified,"2022-01-20 14:50:51.000000"
Junior Developer for Jenkins,"KBC Group, Shared Service Center CZ",Praha,Not specified,"2022-01-19 16:10:43.000000"
Senior Technical Lead for Jenkins,"KBC Group, Shared Service Center CZ",Praha,Not specified,"2022-01-19 16:10:29.000000"
Cloud Developer,"Seznam.cz, a.s.",Plzeň – Jižní Předměstí,Not specified,"2022-01-18 16:27:04.000000"
Informatik pro práci s texty v XML,Univerzita Karlova - Filozofická fakulta,Praha – Josefov,"40 000–45 000Kč","2022-02-11 00:04:03.000000"
Quality Assurance Specialist,Chaos Czech a.s.,Praha – Nové Město,"40 000–70 000Kč","2022-02-10 17:49:02.000000"
DevOps engineer pro Pilulku,Pilulka Lékárny a.s.,Praha – Libeň,Not specified,"2022-02-10 14:43:14.000000"
"2ND LEVEL SUPPORT","EUROSOFTWARE, s.r.o.",Plzeň – Jižní Předměstí,Not specified,"2022-02-10 14:24:26.000000"
Vývojář her C/C++,KAJOT,Brno – Brněnské Ivanovice,Not specified,"2022-02-10 14:16:48.000000"
Datový Analytik,Process& GmbH,Praha – Karlín,"50 000–62 000Kč","2022-02-10 14:14:46.000000"
Backend programátor/ka pro stránku Seznam.cz,"Seznam.cz, a.s.",Brno,Not specified,"2022-02-10 13:56:53.000000"
Frontend programátor/ka pro stránku Seznam.cz,"Seznam.cz, a.s.",Brno,Not specified,"2022-02-10 13:44:26.000000"
Datový analytik v Heurece,Heureka Group a.s.,Praha – Karlín,Not specified,"2022-02-10 13:14:00.000000"
Senior Trading Analyst (Energy Markets),"Sev.en Commodities AG, odštěpný závod",Praha – Nové Město,Not specified,"2022-02-10 12:43:38.000000"
Product Data Specialist,Resideo,Brno,Not specified,"2022-02-10 12:29:57.000000"
Customer Data Analytik s láskou k pohybu – Praha,SPORTISIMO s.r.o.,Praha – Třebonice,Not specified,"2022-02-10 11:30:21.000000"
Java developer - tiskové řešení se širokým tech stackem,"ARTIN, spol. s r.o.",Brno – Medlánky,Not specified,"2022-02-10 11:10:06.000000"
PROGRAMÁTOR – Front-end,XORUX s.r.o.,okres Olomouc,Not specified,"2022-02-10 11:02:08.000000"
Software Engineer @ BearingPoint,BearingPoint s.r.o.,Praha – Žižkov,Not specified,"2022-02-10 10:58:25.000000"
Senior vývojář pro HbbTV platformu,České Radiokomunikace a.s.,Praha – Břevnov,Not specified,"2022-02-10 10:57:54.000000"
Systémový administrátor (Linux) (7656),"ITjobs, s.r.o.",Brno,Not specified,"2022-02-10 10:57:36.000000"
"IT SPECIALIST ( Data quality, testing, lokalizace)",McDonald's ČR spol. s r. o.,Praha – Jinonice,Not specified,"2022-02-10 10:36:06.000000"
Infrastructure Developer,Ricardo Prague s.r.o.,Praha – Karlín,Not specified,"2022-02-10 10:35:48.000000"
Software Developer,Ricardo Prague s.r.o.,Praha – Karlín,Not specified,"2022-02-10 10:34:55.000000"
Specialista měřící techniky a svazků,in-tech Engineering s.r.o.,Mladá Boleslav – Mladá Boleslav IV,Not specified,"2022-02-10 10:29:32.000000"
Automation Engineer,T-Mobile Czech Republic a.s.,Praha – Chodov,Not specified,"2022-02-10 10:18:17.000000"
C ++ Software Engineer (cloud application) - Remote work,ESET Research Czech Republic s.r.o.,Brno – Starý Lískovec,Not specified,"2022-02-10 10:12:12.000000"
Data Analyst (týmový duch a pozitivní energie vítány),"BILLIGENCE PTY LTD, organizační složka ČR",Praha – Karlín,"40 000–60 000Kč","2022-02-10 09:58:13.000000"
Tester SW,"LinuxBox.cz, s.r.o.",Ostrava,Not specified,"2022-02-10 09:53:41.000000"
C embedded vývojář pro Aerospace,esc Aerospace s.r.o.,Praha – Bubeneč,Not specified,"2022-02-10 09:49:52.000000"
Infrastructure Specialist,SII s.r.o.,Praha – Michle,Not specified,"2022-02-10 09:45:32.000000"
Senior Site Reliability Engineer,Vodafone Czech Republic a.s.,Praha – Stodůlky,Not specified,"2022-02-10 09:43:22.000000"
Junior Data Analyst - efektivita reklamních kampaní,"Omnicom Media Group, s.r.o.",Praha – Nusle,Not specified,"2022-02-10 09:41:48.000000"
Specialista Reverse Engineering,Doosan Škoda Power s.r.o.,Plzeň – Jižní Předměstí,Not specified,"2022-02-10 09:38:09.000000"
Ethical hacker / Penetration tester - senior,TÜV SÜD Czech s.r.o.,Mladá Boleslav – Bezděčín,Not specified,"2022-02-10 09:32:11.000000"
Solution Integration Operations Engineer,Natek,Praha,"80 000–100 000Kč","2022-02-10 09:24:03.000000"
Site Reliability Engineer,Natek,Praha,Not specified,"2022-02-10 09:09:46.000000"
Senior Operations and Support Engineer,Natek,Praha,Not specified,"2022-02-10 09:08:53.000000"
Senior programátor,SECTRON MOBIL s.r.o.,Ostrava – Mariánské Hory,"50 000Kč","2022-02-10 08:55:58.000000"
Senior Software Engineer,Ricardo Prague s.r.o.,Praha – Karlín,Not specified,"2022-02-10 08:49:30.000000"
PLC programátor,"BRANO GROUP, a.s.",Hradec nad Moravicí,Not specified,"2022-02-10 08:15:07.000000"
Mobile Apps Developer - Android or iOS,SII s.r.o.,Praha – Michle,Not specified,"2022-02-10 07:20:16.000000"
Senior Consultant,DHL Information Services (Europe) s.r.o.,Praha – Chodov,Not specified,"2022-02-09 19:08:39.000000"
DevOps engineer (Ž/M) – Praha,"Národní rozvojová banka, a.s.",Praha – Nové Město,Not specified,"2022-02-09 18:47:36.000000"
Server administrator (Linux),Národní úřad pro kybernetickou a informační bezpečnost,Brno – Zábrdovice,Not specified,"2022-02-09 18:45:37.000000"
Data Engineer - International Data HUB,NN Životní pojišťovna a NN Penzijní společnost,Praha – Smíchov,Not specified,"2022-02-09 17:04:43.000000"
Linux Admin,PRO-ZETA a.s.,Praha – Malešice,Not specified,"2022-02-09 16:06:55.000000"
C / C++ Developer (m/ž),Rieter CZ s.r.o.,Ústí nad Orlicí,Not specified,"2022-02-09 15:48:24.000000"
POWER BI SPECIALIST,Atlas Copco Services s.r.o.,Brno – Štýřice,Not specified,"2022-02-09 15:29:15.000000"
Problem Solving Expert EMEA,TE connectivity,Kuřim,Not specified,"2022-02-09 15:19:51.000000"
Tester webových aplikací (MojeID),"CZ.NIC, z.s.p.o.",Praha – Vinohrady,Not specified,"2022-02-09 15:16:19.000000"
IT Consultant - Internship (Tax dpt),"PricewaterhouseCoopers Česká republika, s.r.o.",Praha – Nusle,Not specified,"2022-02-09 15:14:54.000000"
Consultant/SC/Architect for Data & Analytics/AI,BearingPoint s.r.o.,Praha – Žižkov,Not specified,"2022-02-09 14:53:43.000000"
MES Specialist,Hilite Czech s.r.o.,Ostrava – Hrabová,Not specified,"2022-02-09 14:47:17.000000"
Linux admin,"Česká spořitelna, a.s.",Praha – Krč,"70 000–90 000Kč","2022-02-09 14:44:48.000000"
Software engineer C++,Rockwell Automation s.r.o.,Praha – Holešovice,Not specified,"2022-02-09 14:44:44.000000"
Pojistný matematik neživotního pojištění s osvědčením,"Colonnade Insurance S.A., organizační složka",Praha – Nusle,Not specified,"2022-02-09 14:09:23.000000"
Pojistný matematik neživotního pojištění s praxí,"Colonnade Insurance S.A., organizační složka",Praha – Nusle,Not specified,"2022-02-09 13:59:50.000000"
IT Administrátor/ka - Senior,AntHill s.r.o.,Zdiby,"50 000–100 000Kč","2022-02-09 13:53:57.000000"
IT Administrátor,"3Pillar Global Czechia",Brno – Komárov,Not specified,"2022-02-09 13:36:59.000000"
Cloud Architect - Azure,"ADASTRA, s.r.o.",Praha,Not specified,"2022-02-09 13:36:45.000000"
SPECIALISTA KYBERBEZPEČNOSTI: Identity and Access Specialist,TOTAL SERVICE a.s.,Praha – Holešovice,Not specified,"2022-02-09 13:30:25.000000"
Datový business analytik se zájmem o computer vision a AI,Generali Česká pojišťovna,Praha – Nusle,Not specified,"2022-02-09 13:13:54.000000"
Azure Data Engineer,Currys CoE s.r.o.,Brno – Trnitá,Not specified,"2022-02-09 13:10:33.000000"
Linux administrátor - senior,"Správa železnic, státní organizace",Praha,"60 000–85 000Kč","2022-02-09 12:42:39.000000"
Senior C# developer,"Steiner, s.r.o.",Praha – Strašnice,Not specified,"2022-02-09 11:48:08.000000"
Dev/Ops (Developer and/or IT Ops) (Energy Sector),"Sev.en Commodities AG, odštěpný závod",Praha – Nové Město,Not specified,"2022-02-09 11:40:13.000000"
Senior Java Search (Elastic) Developer for ACDC,"Actum X, s.r.o.",Praha – Holešovice,"110 000–140 000Kč","2022-02-09 11:04:09.000000"
Software Security Architect,SII s.r.o.,Praha – Michle,Not specified,"2022-02-09 10:51:16.000000"
Risk Analyst – Risk Dpt.,MND a.s.,Hlavní město Praha,Not specified,"2022-02-09 10:43:40.000000"
Business Data Tester,"KBC Group, Shared Service Center CZ",Brno,Not specified,"2022-02-09 10:43:33.000000"
PLC technik,TE connectivity,Kuřim,"45 000–55 000Kč","2022-02-09 10:38:07.000000"
Programátor PHP,INIZIO Internet Media s.r.o.,České Budějovice – České Budějovice 6,"25 000–50 000Kč","2022-02-09 10:37:05.000000"
"Programátor C++, Nikon Imaging Software",Laboratory Imaging s.r.o.,Praha – Hostivař,"50 000–80 000Kč","2022-02-09 10:29:50.000000"
Marketing Data Analyst,Future Recruitment s.r.o.,Praha,Not specified,"2022-02-09 10:21:54.000000"
Business Analyst,Future Recruitment s.r.o.,Praha,Not specified,"2022-02-09 10:20:31.000000"
Mobile developer for Security software (iOS or Android),Natek,Praha – Michle,Not specified,"2022-02-09 10:07:38.000000"
Senior Software Engineer (JR100213),Tricentis CZ s.r.o.,Praha – Karlín,Not specified,"2022-02-09 09:48:02.000000"
"IT Graduates - C#, F#, Java, Tester, BA","Barclays Execution Services Limited, odštěpný závod",Praha – Nusle,Not specified,"2022-02-09 09:41:39.000000"
Projektový manažer pro implementaci reportingového systému,MMG Operations s.r.o.,Praha – Nové Město,Not specified,"2022-02-09 09:22:38.000000"
DATA ENGINEER (Databricks),Atlas Copco Services s.r.o.,Brno – Štýřice,Not specified,"2022-02-09 09:22:37.000000"
Test Engineer - Linux,"Wistron InfoComm (Czech), s.r.o.",Brno – Černovice,Not specified,"2022-02-09 09:15:54.000000"
Test Engineer Junior,"Wistron InfoComm (Czech), s.r.o.",Brno – Černovice,Not specified,"2022-02-09 09:14:44.000000"
Senior Java Developer - Software for Datacenters' Management,EATON,Roztoky,Not specified,"2022-02-09 09:06:56.000000"
Senior Web Interface Developer,Leuze Engineering Czech s.r.o.,Plzeň – Lobzy,Not specified,"2022-02-09 08:33:13.000000"
DevOps Engineer Infrastructure (English),TRIVALENT s. r. o.,Praha – Nusle,"195 000–210 000Kč","2022-02-08 19:35:12.000000"
Analytik ekonomiky,ČESKÁ NÁRODNÍ BANKA,Praha – Nové Město,Not specified,"2022-02-08 18:58:37.000000"
Software Development Project Leader (f/m/d),"Porsche Engineering Services, s.r.o.",Ostrava – Pustkovec + 1 další lokalita,Not specified,"2022-02-08 16:45:36.000000"
Junior Tester/ka řídících systémů,ComAp a.s.,Praha – Holešovice,Not specified,"2022-02-08 16:39:44.000000"
IoT Production and Test Automation Engineer,Simple Hardware s.r.o.,Praha – Podolí,Not specified,"2022-02-08 16:30:19.000000"
DevOps Engineer,"Kyndryl Česká republika, spol. s r.o.",Brno – Královo Pole,Not specified,"2022-02-08 16:12:45.000000"
Business Intelligence konzultant,"exe, a.s., odštěpný závod",Praha – Michle,Not specified,"2022-02-08 15:32:05.000000"
SW Tester - junior/medior,Talentor Advanced Search,Praha – Nové Město,Not specified,"2022-02-08 15:29:54.000000"
Chcete se stát IT specialistou?,"Česká spořitelna, a.s.",Praha – Krč,"35 000–55 000Kč","2022-02-08 14:12:36.000000"
IT Security Support Specialist,AEC a.s.,Praha – Libeň,Not specified,"2022-02-08 14:09:01.000000"
SIEM specialista,AEC a.s.,Brno – Žabovřesky,Not specified,"2022-02-08 13:59:41.000000"
DATA & RISK ANALYST,"COOL CREDIT, s.r.o.",Praha – Nové Město,Not specified,"2022-02-08 13:53:44.000000"
Embedded C/C++ developer,Valatron s.r.o.,Praha – Nusle,Not specified,"2022-02-08 13:39:10.000000"
SIEM  Security Specialist,AEC a.s.,Praha – Libeň,Not specified,"2022-02-08 12:31:39.000000"
Solution Analyst,Analytics Data Factory s.r.o.,Praha – Karlín,Not specified,"2022-02-08 12:25:29.000000"
Credit Data Analyst,Creditinfo CEE s.r.o.,Praha – Karlín,Not specified,"2022-02-08 12:21:00.000000"
BUSSINES/TECHNICAL CONSULTANT,"EUROSOFTWARE, s.r.o.",Plzeň – Jižní Předměstí,Not specified,"2022-02-08 12:19:08.000000"
JAVA developer (Retail Segment),"Komerční banka, a.s.",Praha – Stodůlky,"60 000–100 000Kč","2022-02-08 11:58:41.000000"
Senior Configuration Engineer / Solution Architect,Pricefx s.r.o.,Praha – Karlín,Not specified,"2022-02-08 10:13:37.000000"
SQL profesionál do Business Intelligence,MallGroup,Praha – Holešovice,Not specified,"2022-02-08 09:53:19.000000"
SOFTWARE ENGINEER C#.NET - UI,Thermo Fisher Scientific,Brno – Černovice,Not specified,"2022-02-08 09:48:16.000000"
Data Analyst,CPL Jobs s.r.o.,Praha,Not specified,"2022-02-08 08:40:08.000000"
IT Security Red Team Expert,embedIT,Praha – Dejvice,Not specified,"2022-02-07 21:28:14.000000"
IT Security Operations Expert,embedIT,Praha – Dejvice,Not specified,"2022-02-07 21:27:26.000000"
Senior Data Scientist,"McKinsey & Company, Inc. Prague - organizační složka",Praha – Krč,Not specified,"2022-02-07 17:52:57.000000"
SOC L2 / SOC L3 Engineer,"PricewaterhouseCoopers Česká republika, s.r.o.",Brno – Brno-město + 1 další lokalita,Not specified,"2022-02-07 17:20:06.000000"
IT Support,Honor Technologies (Czech) s.r.o.,Praha – Krč,Not specified,"2022-02-07 16:32:27.000000"
Programátor / Programátorka PHP,"Fyzikální ústav AV ČR, v. v. i.",Praha – Střešovice,Not specified,"2022-02-07 16:18:14.000000"
Junior Developer/ka,profiq,Ostrava – Poruba,Not specified,"2022-02-07 16:16:22.000000"
Atlassian System Owner,ESET Research Czech Republic s.r.o.,Brno – Starý Lískovec,Not specified,"2022-02-07 16:08:11.000000"
Cloud & Data Engineer,SII s.r.o.,Praha – Michle,Not specified,"2022-02-07 16:00:24.000000"
SAP Basis Administrator,"Kyndryl Česká republika, spol. s r.o.",Brno – Královo Pole,Not specified,"2022-02-07 15:57:19.000000"
.NET Developer,NEORIS Czech Republic,Praha – Smíchov,Not specified,"2022-02-07 15:57:04.000000"
System Engineer/Administrator,"Seznam.cz, a.s.",Praha – Smíchov,Not specified,"2022-02-07 15:54:57.000000"
IT Consultant (ERP Systém),ABRA Software a.s.,Plzeň – Severní Předměstí,Not specified,"2022-02-07 15:53:00.000000"
IT analytik specialista /softwarový inženýr pro digitalizaci,PŘEDVÝBĚR.CZ s.r.o.,Brno – Slatina,Not specified,"2022-02-07 15:52:41.000000"
Technical Support Engineer - Prague,Keyence International,Praha – Nusle,Not specified,"2022-02-07 15:48:31.000000"
.NET WPF developer | 3D simulator | contract,ManpowerGroup s.r.o.,Praha,Not specified,"2022-02-07 15:43:57.000000"
Data Scientist,Ezpada s.r.o.,Praha – Nové Město,Not specified,"2022-02-07 15:27:51.000000"
Linux OPS administrátor/ka,"ACTIVE 24, s.r.o.",Praha – Karlín,Not specified,"2022-02-07 14:50:28.000000"
JAVA Backend Developer - Clearing & Settlement (f/m/d),Deutsche Börse Group,Praha – Karlín,Not specified,"2022-02-07 14:43:24.000000"
Embedded software engineer,Rockwell Automation s.r.o.,Praha – Holešovice,Not specified,"2022-02-07 14:41:56.000000"
Regulatory Credit Risk Modelling Specialist,"UniCredit Bank Czech Republic and Slovakia, a.s.",Praha – Michle,Not specified,"2022-02-07 14:24:15.000000"
Marketing Data Engineer,Vodafone Czech Republic a.s.,Praha – Stodůlky,Not specified,"2022-02-07 14:13:14.000000"
Specialist for Risk Models,"ČSOB Československá obchodní banka, a. s.",Hlavní město Praha,Not specified,"2022-02-07 14:11:29.000000"
Linux Administrátor pro nový Ostravský superpočítač,"VŠB - TUO, IT4Innovations národní superpočítačové centrum",Ostrava – Poruba,Not specified,"2022-02-07 14:09:07.000000"
Systémový programátor C++,Development 777 s.r.o.,Brno – Brněnské Ivanovice,Not specified,"2022-02-07 14:04:52.000000"
Senior System Support Specialist - Infrastructure Operations,DHL Information Services (Europe) s.r.o.,Praha – Chodov,Not specified,"2022-02-07 14:02:12.000000"
Senior Analyst,APS Investments S.à r.l.,Praha – Staré Město,"50 000–60 000Kč","2022-02-07 13:46:37.000000"
Vývojář/ka uživat. rozhraní systém. simulací (UI Developer),"Siemens Mobility, s.r.o.",Praha – Stodůlky,Not specified,"2022-02-07 13:06:24.000000"
Principal Network Engineer – Tools,DHL Information Services (Europe) s.r.o.,Praha – Chodov,Not specified,"2022-02-07 13:01:38.000000"
Senior Network Engineer - Tools,DHL Information Services (Europe) s.r.o.,Praha – Chodov,Not specified,"2022-02-07 12:59:08.000000"
Principal Infrastructure Engineer - Linux,DHL Information Services (Europe) s.r.o.,Praha – Chodov,Not specified,"2022-02-07 12:57:43.000000"
Embedded software engineer,Rockwell Automation s.r.o.,Praha – Holešovice,Not specified,"2022-02-07 12:35:08.000000"
Analytik dat dálkového průzkumu,Česká informační agentura životního prostředí,Praha – Vršovice,Not specified,"2022-02-07 12:23:05.000000"
Bitový a signálový analytik v telekomunikacích,PROFESSIONAL RESOURCING s.r.o.,Praha,"30 000–40 000Kč","2022-02-07 12:06:27.000000"
Správce aplikačního systému / technik,ICZ a.s.,Praha – Nusle,Not specified,"2022-02-07 12:01:00.000000"
Senior Consultant – Corporate Treasury,EY,Praha,Not specified,"2022-02-07 11:54:43.000000"
Datový analytik - Forenzní služby,EY,Praha,Not specified,"2022-02-07 11:52:10.000000"
Database System Administrator (Senior),PPF a.s.,Praha – Dejvice,Not specified,"2022-02-07 11:46:40.000000"
C++ Tech Lead,Digiteq Automotive s.r.o.,Praha – Braník + 1 další lokalita,Not specified,"2022-02-07 11:39:34.000000"
SW Developer - Sensor Data Processing / Control Systems,Digiteq Automotive s.r.o.,Praha – Braník + 1 další lokalita,Not specified,"2022-02-07 11:38:52.000000"
Senior vývojář,PROFESSIONAL RESOURCING s.r.o.,Olomouc – Hodolany,Not specified,"2022-02-07 11:36:57.000000"
Software Tool Developer for Hil Systems,VALEO PRAHA,Praha – Strašnice,Not specified,"2022-02-07 11:36:21.000000"
AI Model Engineer,Digiteq Automotive s.r.o.,Praha – Braník + 1 další lokalita,Not specified,"2022-02-07 11:34:22.000000"
POS Test Automation Engineer,teamIT s.r.o.,Hlavní město Praha,"100 000–140 000Kč","2022-02-07 11:33:59.000000"
Manažer technických projektů,PROFESSIONAL RESOURCING s.r.o.,Praha,"45 000–52 000Kč","2022-02-07 11:27:27.000000"
Software analyst (RCM Team),embedIT,Brno – Brno-město,Not specified,"2022-02-07 11:20:24.000000"
DevOps Engineer/Specialist,embedIT,Brno – Brno-město,Not specified,"2022-02-07 11:19:16.000000"
Senior Support Engineer,SII s.r.o.,Praha – Michle,Not specified,"2022-02-07 11:18:55.000000"
Big Data Platform DevOps,embedIT,Praha – Dejvice,Not specified,"2022-02-07 11:18:41.000000"
Ethical Hacker / Pen Tester- junior,TÜV SÜD Czech s.r.o.,Mladá Boleslav – Bezděčín,Not specified,"2022-02-07 11:18:08.000000"
Test Operations Engineer (f/m/d),Deutsche Börse Group,Praha – Karlín,Not specified,"2022-02-07 11:16:56.000000"
Agile Test Engineer / QA tester ESET PROTECT Cloud,ESET Research Czech Republic s.r.o.,Brno – Starý Lískovec,Not specified,"2022-02-07 11:12:40.000000"
Junior Configuration Engineer / Java Consultant,Pricefx s.r.o.,Praha – Karlín,Not specified,"2022-02-07 10:18:01.000000"
Senior DevOps Engineer,Flowmon Networks a.s.,Brno – Trnitá,Not specified,"2022-02-07 10:15:50.000000"
Big Data Consultant,"PricewaterhouseCoopers Česká republika, s.r.o.",Brno – Brno-město + 1 další lokalita,Not specified,"2022-02-07 10:14:25.000000"
Data Scientist,"PricewaterhouseCoopers Česká republika, s.r.o.",Brno – Brno-město + 1 další lokalita,Not specified,"2022-02-07 10:13:10.000000"
System Tester for Train IT,"Siemens Mobility, s.r.o.",Praha – Stodůlky,Not specified,"2022-02-07 09:53:17.000000"
QA Tester,Melown Technologies SE,Praha – Smíchov,Not specified,"2022-02-07 09:06:49.000000"
Agile QA Tester macOS,ESET Research Czech Republic s.r.o.,Brno – Starý Lískovec,Not specified,"2022-02-07 08:41:57.000000"
Samostatný správce aplikací,ZETOR TRACTORS a.s.,Brno – Líšeň,Not specified,"2022-02-07 08:35:17.000000"
CFD výpočtář – 1D/3D - vhodné i pro absolventy,AKKA Czech Republic s.r.o.,Praha – Stodůlky,Not specified,"2022-02-07 07:36:46.000000"
Specialista rozvoje dispečerského systémuj,"Plzeňská teplárenská, a.s.",Plzeň – Bolevec,Not specified,"2022-02-07 07:28:35.000000"
DevOps engineer,Edhouse s.r.o.,Olomouc – Nová Ulice + 2 další lokality,Not specified,"2022-02-07 06:39:59.000000"
Vývojář s přesahem do devopsu,"ARTIN, spol. s r.o.",Praha – Nusle,Not specified,"2022-02-06 22:33:47.000000"
QA specialista - automatizované testy,"ARTIN, spol. s r.o.",Praha – Nusle,Not specified,"2022-02-06 22:30:03.000000"
Hledáme vývojáře se znalostí GO nebo chutí se GO naučit,Seven Reasons s.r.o.,Hlavní město Praha,Not specified,"2022-02-06 20:46:18.000000"
Validation Engineer,AKKA Czech Republic s.r.o.,Plzeň – Skvrňany,Not specified,"2022-02-06 17:32:14.000000"
Validation Engineer,AKKA Czech Republic s.r.o.,České Budějovice – České Budějovice 1,"45 000–60 000Kč","2022-02-06 17:31:27.000000"
Validation Engineer,AKKA Czech Republic s.r.o.,Praha – Stodůlky,Not specified,"2022-02-06 17:30:24.000000"
Information Security Engineer – Application Development,DHL Information Services (Europe) s.r.o.,Praha – Chodov,Not specified,"2022-02-06 17:07:58.000000"
Principal Information Security Engineer – Zero Trust,DHL Information Services (Europe) s.r.o.,Praha – Chodov,Not specified,"2022-02-06 17:06:40.000000"
Distinguished Information Security Engineer – IAM,DHL Information Services (Europe) s.r.o.,Praha – Chodov,Not specified,"2022-02-06 17:05:18.000000"
Principal Information Security Engineer – Data Analytics,DHL Information Services (Europe) s.r.o.,Praha – Chodov,Not specified,"2022-02-06 17:04:44.000000"
Distinguished Information Security Engineer – ERP (SAP),DHL Information Services (Europe) s.r.o.,Praha – Chodov,Not specified,"2022-02-06 17:04:04.000000"
Market Risk Analyst - Energy Trading and Risk Management,ManpowerGroup s.r.o.,Praha,Not specified,"2022-02-04 19:24:33.000000"
Datový analytik,"Economia, a.s.",Praha – Karlín,Not specified,"2022-02-04 15:51:19.000000"
Data AI/ML Engineer,"IDC Central Europe, the Middle East & Africa",Praha – Staré Město,Not specified,"2022-02-04 14:49:22.000000"
Vývojář/ka nástrojů v .NET pro Trading,"ČEZ, a. s.",Praha – Michle + 1 další lokalita,Not specified,"2022-02-04 14:33:32.000000"
Software Engineer I – Avionics Displays - AEROSPACE,"Honeywell, spol. s r.o.",Brno – Slatina,Not specified,"2022-02-04 14:32:54.000000"
Software Engineer II – Guidance and Navigation with C  AERO,"Honeywell, spol. s r.o.",Brno – Slatina,Not specified,"2022-02-04 14:28:05.000000"
SW architect/vývojář,R4U s.r.o.,Praha,Not specified,"2022-02-04 14:21:05.000000"
Vedoucí Portfolio managementu,Skupina E.ON,České Budějovice + 1 další lokalita,Not specified,"2022-02-04 14:13:19.000000"
Systémový administrátor ( Junior ),"KadeL Data servis, spol. s r. o.",Plzeň – Lobzy,Not specified,"2022-02-04 11:09:38.000000"
Bezpečnostní analytik/analytička,Národní úřad pro kybernetickou a informační bezpečnost,Brno – Žabovřesky,Not specified,"2022-02-04 08:50:11.000000"
Earthquake Catastrophe Model Developer,Aon Central and Eastern Europe a.s.,Praha – Nové Město,Not specified,"2022-02-03 18:28:23.000000"
Material Data Steward,Resideo,Brno,Not specified,"2022-02-03 17:03:41.000000"
Senior .NET Developer for Corporate Finance,"COMMERZBANK Aktiengesellschaft, pobočka Praha",Praha – Nové Město,Not specified,"2022-02-03 17:02:29.000000"
SYSTÉMOVÝ ARCHITEKT,LPP s.r.o.,Praha – Libeň,Not specified,"2022-02-03 16:38:36.000000"
Java developer,GIT Consult Czech s.r.o.,Praha,Not specified,"2022-02-03 16:35:56.000000"
Business Analyst – MCC,"COMMERZBANK Aktiengesellschaft, pobočka Praha",Praha – Nové Město,Not specified,"2022-02-03 15:58:06.000000"
Project leader focusing on data analytics,Bosch České Budějovice,České Budějovice – České Budějovice 3,Not specified,"2022-02-03 14:00:31.000000"
Data scientist - I4.0 DNOX,Bosch České Budějovice,České Budějovice – České Budějovice 3,Not specified,"2022-02-03 13:52:56.000000"
WEB DATA SPECIALIST,Atlas Copco Services s.r.o.,Brno – Štýřice,Not specified,"2022-02-03 13:43:24.000000"
C/C++ Embedded vývojář,SII s.r.o.,Praha – Michle,Not specified,"2022-02-03 12:40:15.000000"
Escalations Support Engineer,ZEBRA TECHNOLOGIES EUROPE LIMITED,Brno – Trnitá,Not specified,"2022-02-03 12:18:37.000000"
Platform Engineer,Currys CoE s.r.o.,Brno – Trnitá,Not specified,"2022-02-03 11:41:28.000000"
Software tester v medicínském vývoji,BTL Medical Technologies s.r.o.,Praha – Vokovice,Not specified,"2022-02-03 11:30:19.000000"
IT recruiter,Deloitte,Praha – Vinohrady,Not specified,"2022-02-03 10:08:24.000000"
Data Scientist for Dataclair AI Centre (m/f),O2 Czech Republic a.s.,Praha – Michle,Not specified,"2022-02-03 09:39:05.000000"
Integration tester with C,Siemens s.r.o.,Praha – Stodůlky,Not specified,"2022-02-03 08:35:23.000000"
Kvantitativní analytik,NN Životní pojišťovna a NN Penzijní společnost,Praha – Smíchov,Not specified,"2022-02-03 08:34:04.000000"
CAE inženýr,THK RHYTHM AUTOMOTIVE CZECH a.s.,Brno – Medlánky,Not specified,"2022-02-03 07:46:44.000000"
Development Engineer for Vehicle Integration (f/m/d),"Porsche Engineering Services, s.r.o.",Ostrava – Pustkovec,Not specified,"2022-02-03 07:34:03.000000"
Data Analyst (f/m/d),"Porsche Engineering Services, s.r.o.",Ostrava – Pustkovec,Not specified,"2022-02-03 07:31:01.000000"
Datová analytika a datová architektura – Consultant,"KPMG Česká republika, s.r.o.",Praha – Karlín,Not specified,"2022-02-02 16:27:52.000000"
Cyber Security - Senior Consultant,"KPMG Česká republika, s.r.o.",Praha – Karlín,Not specified,"2022-02-02 16:27:34.000000"
C# Programátor pro Vision Systems,TE connectivity,Kuřim,"48 000–50 000Kč","2022-02-02 15:40:31.000000"
Vision Systems PLC Programátor,TE connectivity,Kuřim,"60 000–70 000Kč","2022-02-02 15:40:19.000000"
Linux System Administrator,Currys CoE s.r.o.,Brno – Trnitá,Not specified,"2022-02-02 14:34:03.000000"
C# programátor informačních systémů,BTL Medical Technologies s.r.o.,Praha – Vokovice,Not specified,"2022-02-02 12:38:29.000000"
System/Release Engineer,BNP Paribas Cardif,Praha – Libeň,Not specified,"2022-02-02 11:38:28.000000"
System Test Developer,"Siemens Mobility, s.r.o.",Praha – Stodůlky,Not specified,"2022-02-02 11:08:12.000000"
Datový analytik/Konzultant,Deloitte,Praha – Vinohrady,Not specified,"2022-02-02 10:20:55.000000"
Consultant - Advanced Analytics,Deloitte,Praha – Vinohrady,Not specified,"2022-02-02 10:20:21.000000"
Data Scientist,"ČSOB Československá obchodní banka, a. s.",Praha – Radlice,Not specified,"2022-02-02 10:04:18.000000"
Java Developer | Oblast telekomunikace,CertiCon a.s.,Praha – Dejvice,Not specified,"2022-02-02 09:56:06.000000"
IT ARCHITEKT - Ostrava| atraktivní mzda!!,ManpowerGroup s.r.o.,Ostrava,"60 000–90 000Kč","2022-02-01 17:09:57.000000"
Risk Analyst / Data Analyst,Home Credit International a.s.,Brno – Štýřice,Not specified,"2022-02-01 16:37:37.000000"
SW tester pro Power Electronics,ZF Česká republika,Plzeň – Skvrňany + 1 další lokalita,"35 000–65 000Kč","2022-02-01 15:25:45.000000"
"R&D Team Support - Internship (f/m/d) (DPC, Ostrava)","Porsche Engineering Services, s.r.o.",Ostrava – Pustkovec,Not specified,"2022-02-01 15:15:13.000000"
Junior DevOps Engineer - Kubernetes/Azure/Terraform,NNIT Czech Republic s.r.o.,Praha – Stodůlky,Not specified,"2022-02-01 15:12:42.000000"
VERIFICATION ENGINEER,onsemi,Brno – Přízřenice,Not specified,"2022-02-01 15:12:34.000000"
Senior konzultant – tým Řízení kreditního rizika,EY,Praha,Not specified,"2022-02-01 14:18:01.000000"
Konzultant/vývojář modelů – tým Řízení kreditního rizika,EY,Praha,Not specified,"2022-02-01 14:17:54.000000"
Senior konzultant – tým Řízení tržního rizika,EY,Praha,Not specified,"2022-02-01 14:17:18.000000"
Systémový analytik (m/ž),"Kooperativa pojišťovna, a.s., VIG",Praha – Karlín,Not specified,"2022-02-01 14:13:56.000000"
IT Technický designér/-ka,"ČSOB Československá obchodní banka, a. s.",Praha,Not specified,"2022-02-01 13:39:54.000000"
Cloud Developer,"Profinit EU, s.r.o.",Hlavní město Praha,Not specified,"2022-02-01 09:42:11.000000"
Cloud DevOps Engineer,"Profinit EU, s.r.o.",okres Hlavní město Praha,Not specified,"2022-02-01 09:41:30.000000"
Technický Specialista (BIGDATA/HPC/LINUX),"Atos IT Solutions and Services, s.r.o.",Praha – Nusle,Not specified,"2022-02-01 08:36:31.000000"
Data Analyst,MND a.s.,Praha,Not specified,"2022-01-31 19:37:31.000000"
DATOVÝ ARCHITEKT,J&T BANKA,Praha – Karlín,Not specified,"2022-01-31 16:53:30.000000"
BI Linux vývojář (m/ž),O2 Czech Republic a.s.,Praha – Michle,Not specified,"2022-01-31 14:55:59.000000"
Software Engineer for Databases and Datawarehouses,"COMMERZBANK Aktiengesellschaft, pobočka Praha",Praha – Nové Město,Not specified,"2022-01-31 14:37:21.000000"
Trainee Program - Junior Cloud and Automation Engineer,Vodafone Czech Republic a.s.,Praha – Stodůlky,Not specified,"2022-01-31 13:55:14.000000"
Cyber Security Enthusiast,AKKA Czech Republic s.r.o.,Plzeň – Skvrňany,Not specified,"2022-01-31 13:34:54.000000"
DevOps Engineer do ICT týmu,Košík.cz s.r.o.,Praha – Dejvice,Not specified,"2022-01-31 13:20:25.000000"
Reporting Analyst,"KBC Group, Shared Service Center CZ",Jihomoravský kraj,Not specified,"2022-01-31 13:04:33.000000"
Game analytik | Zdokonaluj s námi herní platformy,Talentica s.r.o.,Brno,"36 000–60 000Kč","2022-01-31 12:35:59.000000"
Market Risk Specialist,EP Commodities a.s.,Praha – Nové Město,Not specified,"2022-01-31 12:27:34.000000"
Junior QA Automation Engineer (Part time possible),Veeam Software (Czech Republic) s.r.o.,Praha – Karlín,"60 000–90 000Kč","2022-01-31 12:26:41.000000"
Konzultant  GIS,Arkance Systems CZ s.r.o.,České Budějovice + 1 další lokalita,Not specified,"2022-01-31 08:52:11.000000"
Automation Test Engineer for PLC Distributed I/O systems,Siemens s.r.o.,Praha – Stodůlky,Not specified,"2022-01-31 08:46:50.000000"
SPECIALISTA/SPECIALISTKA BEZPEČNOSTI IT PROVOZU,J&T,Praha – Karlín,Not specified,"2022-01-28 17:11:50.000000"
SYSTEM ADMINISTRATOR/ENGINEER,PERASPERA group,Plzeň – Vnitřní Město,"60 000–75 000Kč","2022-01-28 17:02:37.000000"
EDA TOOL inženýr - Junior&Senior,onsemi,Rožnov pod Radhoštěm,Not specified,"2022-01-28 16:48:02.000000"
"Quantitative Analyst, Trading","ČEZ, a. s.",Praha – Michle,Not specified,"2022-01-28 16:17:41.000000"
Mid-senior/Senior Linux Administrátor - i 100% home office,BARTON Consulting s.r.o.,Praha,Not specified,"2022-01-28 16:00:44.000000"
ArcSight technický specialista,S&T CZ s.r.o.,Praha – Chodov,Not specified,"2022-01-28 15:15:41.000000"
WEBOVÝ ANALYTIK / DATOVÝ SPECIALISTA,"FAST ČR, a.s.",Říčany,"33 000–36 000Kč","2022-01-28 12:58:11.000000"
Full stack vývojář/ka,"Seznam.cz, a.s.",Praha – Smíchov,Not specified,"2022-01-27 22:52:27.000000"
Data Analyst/Scientist (WT),Wunderman Thompson,Praha – Holešovice,Not specified,"2022-01-27 18:23:10.000000"
Projekt manažer senior - BI / automation expert,Skupina E.ON,Brno + 2 další lokality,Not specified,"2022-01-27 17:52:36.000000"
QA Engineer Intern,AVAST Software s.r.o.,Praha – Nusle,Not specified,"2022-01-27 16:05:30.000000"
Business Analyst - Counterparty Risk Management,"COMMERZBANK Aktiengesellschaft, pobočka Praha",Praha – Nové Město,Not specified,"2022-01-27 15:43:53.000000"
INTEGRAČNÍ SPECIALISTA,VŠEOBECNÁ ZDRAVOTNÍ POJIŠŤOVNA ČESKÉ REPUBLIKY,Praha – Vinohrady,Not specified,"2022-01-27 10:42:12.000000"
International credit risk model expert,"ČSOB Československá obchodní banka, a. s.",Hlavní město Praha,Not specified,"2022-01-27 09:43:31.000000"
UNIX Team Leader,MONETA Money,Praha,Not specified,"2022-01-26 17:02:36.000000"
Embedded C/C++ Developer for Rail Automation,"Siemens Mobility, s.r.o.",Praha – Stodůlky,Not specified,"2022-01-26 14:14:10.000000"
Vývojář testovací aplikace pro HW Lib,ZF Česká republika,Plzeň – Skvrňany + 1 další lokalita,Not specified,"2022-01-26 13:36:42.000000"
.NET VÝVOJÁŘ/KA| Zdravotnictví,CertiCon a.s.,Praha – Dejvice,Not specified,"2022-01-26 12:43:41.000000"
Pátráme po analytikovi schvalovacích strategií,Air Bank a.s.,Brno – Staré Brno + 1 další lokalita,Not specified,"2022-01-26 11:21:12.000000"
MECHATRONICS ENGINEER - TRANSMISSION MICROSCOPY,Thermo Fisher Scientific,Brno – Černovice,Not specified,"2022-01-26 11:14:05.000000"
Specialista/ka testování elektroniky (automotive),Digiteq Automotive s.r.o.,Mladá Boleslav,Not specified,"2022-01-26 09:20:02.000000"
Test analytik/analytička pro automatizované testy,Digiteq Automotive s.r.o.,Mladá Boleslav,Not specified,"2022-01-26 09:18:58.000000"
"DevOps – senior nebo medior, který chce růst (65-130.000 Kč)","Jobs Contact Consulting, s.r.o.",Brno – Veveří + 1 další lokalita,"65 000–130 000Kč","2022-01-25 14:59:26.000000"
junior/senior IT konzultant,R4U s.r.o.,Praha,Not specified,"2022-01-25 12:41:55.000000"
Software developer in C++ and MPS (f/m/d),"Porsche Engineering Services, s.r.o.",Praha – Jinonice,Not specified,"2022-01-25 10:26:02.000000"
Analytik/čka modelů kreditního rizika,MONETA Money,Praha – Michle,Not specified,"2022-01-25 09:43:58.000000"
Data Mining – Datový architekt,Bosch České Budějovice,České Budějovice – České Budějovice 3,Not specified,"2022-01-24 14:55:41.000000"
BI Data Scientist,SAZKA a.s.,Praha – Vokovice,Not specified,"2022-01-24 13:48:18.000000"
QA Engineer pro Stream.cz – Remote,"Seznam.cz, a.s.",Brno,Not specified,"2022-01-24 11:17:15.000000"
Data Scientist,REED SPECIALIST RECRUITMENT,Praha,"80 000–110 000Kč","2022-01-24 10:57:43.000000"
BI Datový analytik,Notino,Brno – Štýřice,Not specified,"2022-01-24 10:10:07.000000"
Service Owner - L2 support (Linux),"Česká spořitelna, a.s.",Praha – Michle,Not specified,"2022-01-23 12:44:28.000000"
JavaScript developer se zájmem o DevOps (7659),"ITjobs, s.r.o.",Brno,Not specified,"2022-01-21 16:49:37.000000"
Vývojář testovacích modelů,ZF Česká republika,Plzeň – Skvrňany,Not specified,"2022-01-21 16:13:57.000000"
Control Software Test Engineer,Bosch Termotechnika s.r.o.,Krnov – Pod Cvilínem,Not specified,"2022-01-21 15:14:40.000000"
Content Engineer SIEM/SOAR - Home office,T-Mobile Czech Republic a.s.,Praha – Chodov,Not specified,"2022-01-21 14:48:52.000000"
Java Developer – Black Boxes - AEROSPACE,"Honeywell, spol. s r.o.",Brno – Slatina,Not specified,"2022-01-21 11:52:08.000000"
APP DEVELOPER - Možný Homeoffice,Teleperformance Česká republika,Brno – Starý Lískovec + 1 další lokalita,"50 000–70 000Kč","2022-01-21 10:58:13.000000"
Senior technik bezpečnostních technologií,"EG.D, a.s.",Brno + 1 další lokalita,Not specified,"2022-01-21 10:06:26.000000"
Software Test Engineer (m/ž),Vitesco Technologies Czech Republic s.r.o. - Ostrava,Ostrava – Hrabová,Not specified,"2022-01-21 08:14:57.000000"
Konzultant pro oblast ESG – tým Financial Services,EY,Praha,Not specified,"2022-01-20 17:43:14.000000"
⋙ IT Specialista – migrace na cloud (MS Azure) ⋘,"mBlue Czech, s.r.o.",Hlavní město Praha,"40 000–80 000Kč","2022-01-20 16:31:26.000000"
Senior Security Consultant - Pen Tester,OKIN Agency s.r.o.,Praha,Not specified,"2022-01-20 13:39:28.000000"
Software Developer for BMS (f/m/d),"Porsche Engineering Services, s.r.o.",Ostrava – Pustkovec + 1 další lokalita,Not specified,"2022-01-20 12:59:51.000000"
DevOps Engineer for Measurement System,T-Mobile Czech Republic a.s.,Praha – Chodov,Not specified,"2022-01-20 12:34:58.000000"
Manažer portfolio managementu - junior/senior,Skupina E.ON,České Budějovice + 1 další lokalita,Not specified,"2022-01-20 08:27:56.000000"
SW Tool Developer LabVIEW,VALEO PRAHA,Praha – Strašnice,Not specified,"2022-01-19 16:51:36.000000"
Teradata DB Administrator,"KBC Group, Shared Service Center CZ",Praha,Not specified,"2022-01-19 16:08:47.000000"
Rainbow Technical Designer,"KBC Group, Shared Service Center CZ",Praha,Not specified,"2022-01-19 16:07:49.000000"
RDM Technical Designer,"KBC Group, Shared Service Center CZ",Praha,Not specified,"2022-01-19 16:07:35.000000"
Technical Developer,"KBC Group, Shared Service Center CZ",Praha,Not specified,"2022-01-19 16:07:19.000000"
Security Technical Developer,"KBC Group, Shared Service Center CZ",Praha,Not specified,"2022-01-19 16:06:29.000000"
Complete Vehicle Analyst – Data-Driven Engineering (f/m/d),"Porsche Engineering Services, s.r.o.",Praha – Jinonice,Not specified,"2022-01-19 13:36:27.000000"
SW Developer & Control Engineer for Active Chassis (f/m/d),"Porsche Engineering Services, s.r.o.",Praha – Jinonice,Not specified,"2022-01-19 13:36:13.000000"
Data Scientist / Data Science Program Manager,"Zentiva Group, a.s.",Praha – Dolní Měcholupy,Not specified,"2022-01-19 11:23:04.000000"
Simulační inženýr se zaměřením na automatizaci,ZF Česká republika,Plzeň – Skvrňany,Not specified,"2022-01-19 11:19:01.000000"
JAVA DEVELOPER | UI | Komunikační systém řízení let. provozu,CertiCon a.s.,Plzeň – Východní Předměstí,Not specified,"2022-01-19 09:50:01.000000"
System Support Specialist – Desktop Virtualization,DHL Information Services (Europe) s.r.o.,Praha – Chodov,Not specified,"2022-01-19 09:30:55.000000"
Specialista řídicích systémů - IT interfaces,Continental Barum s.r.o.,Otrokovice,Not specified,"2022-01-19 09:12:03.000000"
SW developer / Impact Forecasting – Product Development,Aon Central and Eastern Europe a.s.,Praha – Nové Město,Not specified,"2022-01-19 08:36:06.000000"
Cloud engineer / junior,"Seznam.cz, a.s.",Praha – Smíchov,Not specified,"2022-01-18 16:32:03.000000"
QA Manager,REED SPECIALIST RECRUITMENT,Praha,Not specified,"2022-01-18 10:12:05.000000"
BI Analytik,DoDo Czech s.r.o.,Praha – Karlín,Not specified,"2022-01-18 09:23:56.000000"
Výzkumník pro Mapy.cz,"Seznam.cz, a.s.",Brno,Not specified,"2022-01-18 08:49:33.000000"
Cloud and Automation Team Lead,Vodafone Czech Republic a.s.,Praha – Stodůlky,Not specified,"2022-01-17 14:32:15.000000"
Product Manager Big Data,"Seznam.cz, a.s.",Praha,Not specified,"2022-01-17 14:26:14.000000"
⋙ Senior SW tester ⋘,"mBlue Czech, s.r.o.",Praha,Not specified,"2022-01-17 13:57:54.000000"
EUC Developer,"KBC Group, Shared Service Center CZ",Brno,Not specified,"2022-01-17 12:15:16.000000"
Inženýr pro vibrační / akustické analýzy,ZF Česká republika,Zlín,Not specified,"2022-01-17 11:57:13.000000"
IT Consultant - Tax dpt.,"PricewaterhouseCoopers Česká republika, s.r.o.",Praha – Nusle,Not specified,"2022-01-17 10:30:47.000000"
Validation Engineer - Mladá Boleslav,AKKA Czech Republic s.r.o.,Mladá Boleslav – Mladá Boleslav I,Not specified,"2022-01-17 10:09:22.000000"
SW Developer (C#/ASP.NET) (7644),"ITjobs, s.r.o.",Brno,Not specified,"2022-01-17 09:58:11.000000"
Linux System Manager,Siemens s.r.o.,Praha – Stodůlky,Not specified,"2022-01-17 09:52:14.000000"
Student - Firmware Developer for Industrial Automation,Siemens s.r.o.,Praha – Stodůlky,Not specified,"2022-01-17 09:51:29.000000"
Cloud DevOps Engineer,"Siemens Mobility, s.r.o.",Praha – Stodůlky,Not specified,"2022-01-17 08:43:10.000000"
"Application Developer – C#, .NET - AEROSPACE","Honeywell, spol. s r.o.",Brno – Slatina,Not specified,"2022-01-14 18:25:27.000000"
Software Engineer - Surveillance Systems – C++ - AEROSPACE,"Honeywell, spol. s r.o.",Brno – Slatina,Not specified,"2022-01-14 18:14:40.000000"
Power BI Developer,Deloitte,Praha – Vinohrady,Not specified,"2022-01-14 14:25:56.000000"
Infrastructure Engineer RHEL (Senior),"COMMERZBANK Aktiengesellschaft, pobočka Praha",Praha – Nové Město,Not specified,"2022-01-14 09:51:23.000000"
Analytik Portfolio Managementu,Skupina E.ON,České Budějovice – České Budějovice 7,Not specified,"2022-01-13 15:53:42.000000"
SAP BI Developer - Junior/Senior,"HELLA AUTOTECHNIK NOVA, s.r.o.",Loštice,Not specified,"2022-01-13 15:25:44.000000"
Data Warehouse - Frontend developer,"HELLA AUTOTECHNIK NOVA, s.r.o.",Loštice,Not specified,"2022-01-13 15:25:09.000000"
DevOps Inženýr/specialista,"ČEZ, a. s.",Hradec Králové – Pražské Předměstí + 3 další lokality,Not specified,"2022-01-13 15:03:34.000000"
"Reference System Engineer - Work with LiDAR, dGNSS,...",VALEO PRAHA,Praha – Strašnice,Not specified,"2022-01-13 14:26:17.000000"
Software Engineer in Deutsche Telekom Technik,T-Mobile Czech Republic a.s.,Praha – Chodov,Not specified,"2022-01-13 12:36:16.000000"
DevOps Engineer - R&D Center for Autonomous Driving,VALEO PRAHA,Praha – Strašnice,Not specified,"2022-01-13 11:57:03.000000"
Digitalization Specialista,"KIEKERT-CS, s. r. o.",Pardubice – Staré Čívice,Not specified,"2022-01-12 14:11:42.000000"
AI Engineer for AI Centre (m/f),O2 Czech Republic a.s.,Praha – Michle,Not specified,"2022-01-03 08:27:38.000000"
